2
18127001
123456
1
18127002
11012000
1
18127003
12012000
1
18127004
13012000
1
18127005
14012000
1
18127006
15012000
1
18127007
16012000
1
18127008
17012000
1
18127009
18012000
1
18127010
19012000
1
18127011
11022000
1
18127012
12022000
1
18127013
13022000
1
18127014
14022000
1
18127015
15022000
1
18127016
16022000
1
18127017
17022000
1
18127018
18022000
1
18127019
19022000
1
18127020
20022000
1
18127021
2000113
1
18127022
2000123
1
18127023
2000133
1
18127024
2000143
1
18127025
2000153
1
18127026
2000163
1
18127027
2000173
1
18127028
2000183
1
18127029
2000193
1
18127031
2000114
1
18127032
2000124
1
18127033
2000134
1
18127034
2000144
1
18127035
2000154
1
18127036
2000164
1
18127037
2000174
1
18127038
2000184
1
18127039
2000194
1
18127041
2000115
1
18127042
2000125
1
18127043
2000135
1
18127044
2000145
1
18127045
2000155
1
18127046
2000165
1
18127047
2000175
1
18127048
2000185
1
18127049
2000195
